70.54224437982325 6.746136349380769
63.05600974291895 6.848983366797502
7.503839202513737 8.869202367129487
72.51893999737973 6.722169124072417
53.87875319237206 7.006974260551365
66.64014974647743 6.818955448107626
13.341581129418255 8.305402229663473
39.97358323853731 7.303488747843422
78.77764604756999 6.611841375834116
62.777067693416086 6.845223147555474
42.44215856363372 7.231459990922027
2.403426103503242 10.356348747372875
30.543767129150694 7.55725044004914
56.94018583093481 6.971336500071199
59.64944633594029 6.911211642226001
79.36461284031161 6.622405196619886
1.4096060546956657 11.245689360988855
35.17244005844903 7.411350301756348
73.29065401160804 6.7018996260022075
60.8824475565628 6.885582768978362
30.982376379340852 7.545860256364756
9.283630849369144 8.64577033173732
78.1188215603441 6.636373417633504
30.910173819055544 7.533808962093771
63.72020746420046 6.8581175658516225
78.85531971616882 6.627168982341315
25.94589940346647 7.703399462326152
24.73371603888067 7.745755073551741
37.41626568003295 7.365157499883917
26.884699336623985 7.663026490444586
40.441626768707536 7.285486456321032
57.266942116875406 6.982983302449543
43.0672064237123 7.216827924321604
63.309604915654354 6.836074094388597
69.45841038586535 6.7671444120534385
46.00417650513805 7.1446943802841485
7.300379752218667 8.88153695519128
36.821697959159295 7.372973176792129
37.171128203422604 7.395728250880408
5.761411798662242 9.151231843658032
14.74598777138836 8.209806395758926
31.632132541282257 7.510221745166937
3.442214458370736 9.77124689208746
82.42400366746736 6.562315274825264
4.014570653155468 9.60181047276392
10.789260728847417 8.503278808694112
22.05681832688295 7.833960611245689
60.692901534667904 6.889715523099768
66.31055896529264 6.81397855501772
80.04665685988998 6.615824028941593
20.0485952221289 7.938273727576664
10.336829465036558 8.562453205369728
20.964234893349097 7.899559526951305
68.95687342799866 6.759907832605937
46.41569702928811 7.163335853622703
14.329141083890192 8.260951757809142
82.06806821945305 6.560571428955308
57.212126688068786 6.952181482427585
24.25678830557146 7.745253797153154
9.234224489223264 8.646046029196937
65.93950553893586 6.808295314813348
31.531980261597596 7.519756378045488
73.073339457307 6.6998567865229255
80.82635709277321 6.592277006689267
58.824423284745976 6.92845292258586
55.699621467713165 6.999407571923023
12.317097497241573 8.354444933403034
48.158927339637025 7.115081320608097
27.13306793309621 7.662028789476993
89.6226593904546 6.494250316243736
42.582215463056784 7.2424103045104
13.292728188228237 8.290541981856732
53.38395444397798 7.023922717142192
19.43818835995955 7.965723804459198
34.97071035052529 7.418886371506026
50.07807431749495 7.075139509824211
24.90387822169571 7.749385097018985
9.380037190733194 8.63529252565282
51.18020423905967 7.055637153466229
64.17790589035226 6.845394011214454
28.93149944748628 7.600117759934895
15.743338827633822 8.155603110649853
38.71619834969369 7.314570169853366
46.32695783005112 7.17140577897861
32.740717570264906 7.484149092314592
57.08399383095416 6.9589068129124785
14.399528121465403 8.223317969949857
55.36009432652956 6.991365634849714
19.121118008807713 7.964994875170524
45.54164775802404 7.192587202343935
81.69994273225507 6.589099760480272
48.603619187945704 7.0965676704436405
33.5221532224504 7.451964875646008
40.162268336965425 7.301563113699118
64.20563705711442 6.8717987830206955
84.94464153230605 6.55580968025204
25.95583593088144 7.709681135047515
73.07647168429662 6.6974796084058035
45.69655318236629 7.138541145924786
35.027828562713424 7.422208687223168
74.25675591953537 6.6961832098339835
14.290923680325784 8.251784725794566
32.961243333378846 7.498560779765689
14.350343978017737 8.237936118968351
30.818375484194977 7.531985054090797
29.24044368322425 7.593947534866606
8.160468941996402 8.7647802866277
10.16157674002104 8.554453287614292
3.8938188175988344 9.614085626612455
68.64868039718696 6.777434106512642
70.86443031304691 6.723701619151435
44.3141589004509 7.20447612484368
16.937840029623445 8.08048646120911
50.53986488532874 7.070678715037543
50.216436054323495 7.061140716402642
27.283888645610393 7.636396816981954
69.5733657403626 6.755553386199234
29.21332509532603 7.603174028499471
68.06747121733642 6.763281672583379
41.30495414735814 7.256273687581102
62.3651781520455 6.860702243586299
10.902058012359303 8.50514170628594
86.41184331217922 6.511843742637983
81.1756759090124 6.6079117524651
76.10565264328224 6.700741958988987
72.60907756109886 6.715644451817298
9.496061606070317 8.64304360702733
77.77306935430593 6.609607996280228
88.17493502928605 6.52862400366574
52.82125462850856 7.037558191878794
82.49691693756559 6.560792444836951
87.81817383846291 6.505139340652829
15.641901974438133 8.16227539380733
23.47959708406084 7.78283185839864
34.254420145289 7.450564710829067
67.09030905108895 6.7695785626023115
52.55128227913431 7.045375815776723
54.0391686024748 7.0025463751080865
3.6785002706307552 9.687696253216936
69.91939669955669 6.74708606043572
18.285398121442302 8.000871979267938
76.9096979434817 6.647016240616106
16.482095526982626 8.092699657562187
16.756650338075517 8.086198464349621
10.11945539354516 8.563087259758179
38.033784614851456 7.348242506429208
22.85124062179964 7.819684514445169
2.2888740885200796 10.419658648239167
8.831954811973059 8.683459465314362
85.68715068666403 6.531738409385873
65.8727172485879 6.827409671961293
3.1429486078178326 9.91440790884503
79.03638657336761 6.621189100778623
60.23863551745785 6.896708731632756
55.1890556524094 6.978625649913292
39.35294236715893 7.305935110295767
81.82355421420303 6.586774460354108
20.873302550468264 7.904338376161776
85.42717390793318 6.547213986135732
82.83154652172902 6.580537742792014
7.201620725009125 8.883606141242641
85.12128267843191 6.570328950326306
71.66955992896175 6.717285731214839
89.82804281535473 6.477732894521229
6.357583951895473 9.038711666168345
40.80340253990984 7.2934220725481955
48.48922317170307 7.134819933371706
84.95663634917783 6.53816710059517
79.12892243695951 6.637366743796774
36.129991344683646 7.36598674011022
11.337448984784578 8.451928448535194
4.4382558415625954 9.468282116252016
10.199717658605955 8.55912094602122
11.427516646999274 8.45141303049155
9.33523741514388 8.63968270333769
59.89137842740481 6.89786007190097
65.67682533988143 6.8142572617476285
43.69637990426976 7.22296969281819
77.69673988370003 6.634365212807082
83.62046946916418 6.566478596684907
18.925250199984887 7.983627199334483
10.327264238985064 8.522838914581703
89.92256314706084 6.507020097538852
59.24163122562197 6.904783372001567
23.32731943482041 7.774905440606493
33.9593840660533 7.433847597094329
19.995555621747783 7.944614021288604
44.7053409510635 7.194221442085611
70.6067537405475 6.746657399271364
63.184730950728834 6.8554319588772605
49.20072568698327 7.116815446963295
43.45876733390331 7.229818737019607
51.163712982389946 7.059207237736743
36.09434554250139 7.371156438079224
37.32617732714218 7.370516768458784
58.91740508727746 6.893347498112295
86.83356852749908 6.526863781034832
1.1422902149598024 11.698100318561576
78.50201631361031 6.658455886280792
12.25215417930916 8.396620859817522
56.22907648045641 6.963344385574274
83.36578088607666 6.589582591862755
35.38590209692331 7.40351386185996
59.50214485225123 6.889336036436992
57.21018465500947 6.9507684556666405
5.809003002705912 9.123654732053698
22.095035337478073 7.855832892144547
47.72818132604312 7.13321842099161
7.6600190918052515 8.850467938729766
89.88508617340142 6.516955952407135
1.426889931941444 11.282560848847204
67.96916164152512 6.775619795088849
43.05365211986923 7.245177099696542
70.27164697752076 6.7563797452350505
83.33916095678458 6.568555615091254
74.82989853849128 6.656345406356904
7.301010575135477 8.904366720738947
83.42809575537096 6.562013098887142
40.79834797823272 7.287577621864737
25.866690866110737 7.710695347899421
42.310992180356635 7.268998655086524
47.62937675913809 7.139671575016728
86.08105373032173 6.545660120556471
84.12366976022801 6.543322927362241
48.32476900578129 7.1134639261532095
50.946772890483345 7.060242335091671
10.56264240008259 8.517032061276408
76.60826655899771 6.655270388434537
15.060735821916706 8.187068687120853
1.7115698660172498 10.930070064980605
14.303686298877937 8.22271146147595
86.263669460771 6.523574746905227
87.95418826618774 6.521885445014591
64.55851166382378 6.849755379642371
87.07648882284063 6.511480106864338
45.97955471253579 7.1877425043595355
48.91477476747869 7.105314293427685
82.04093260564522 6.586044781109285
2.618111920954413 10.20104846051528
10.955662305257077 8.480238146214868
30.42133045237649 7.533227762339005
54.20081375271546 6.978307940443827
77.1529141154053 6.649230466804238
22.420583859251728 7.826930267662298
89.30326267429861 6.482748373211139
80.09663543716339 6.599277471099702
52.03503226345758 7.024352953661527
52.59842446261452 7.03161432359842
42.42883591545364 7.237070336422582
29.218052170234134 7.572994189627976
72.28823960028807 6.712903992333805
76.05725887474283 6.673779534158376
20.360607046264334 7.933909386362876
5.97443266266615 9.111311182027093
49.51737306421409 7.085675741907023
80.48340264793927 6.6077436605582
86.02460119654592 6.520481258489868
72.558492155868 6.7155113248249805
1.5075476390152338 11.129846446333191
46.38878717179552 7.15315776197313
65.16775130150242 6.8485320964398975
83.64108267836117 6.563889636408508
27.10387753138966 7.676935582406994
77.84335613525188 6.640339500253932
69.49842688382307 6.7700957335317415
63.642850572811994 6.861623308403589
78.71698452729373 6.6082751940753495
62.61382859898181 6.86458471540189
79.14494970953876 6.632894774090088
60.29207979791776 6.904464280312886
52.53191476337963 7.051422275883388
44.2103784966108 7.1970531521244085
68.19132751798637 6.7879467901300234
13.54907927876903 8.303123705565032
44.04676237655495 7.170006982645344
6.030527461205534 9.084837133045388
29.61475514349819 7.567051931539999
47.651227559829024 7.110178205836309
57.98712765694848 6.961413966705109
77.43513270268124 6.632468287229171
35.8989328692292 7.417231992971416
67.98960527694318 6.77267846984426
18.41791979950061 8.015380353990247
51.969536587511 7.036973658339326
9.600362317763656 8.620196761053677
12.53046743431897 8.347644004857184
35.35945943419552 7.414540639371111
62.88665517282318 6.875220855880142
74.1017682335124 6.681706344175106
60.00634362804385 6.911599995740088
17.414999279774186 8.042267119874673
83.25493129109867 6.583974336141574
34.737346373578156 7.444134090762717
79.81913599385925 6.6237688771237915
8.81885577092317 8.691459782885254
9.10812052323553 8.675065598868054
48.54525607172845 7.152921548337061
29.443451682750137 7.56947574093464
76.91006194931994 6.670582538007842
82.21587468174067 6.555965729856698
47.482648756943334 7.127904903061204
21.744036108683456 7.9001025755052146
12.84674801220514 8.353185862875058
72.64324897286437 6.723251565108223
24.57206424634864 7.738541297626736
33.59152098822572 7.46236429935554
4.101793763818337 9.576349922757233
41.176012530506426 7.246237387034892
54.60821978830241 6.989932312272899
44.10275837669588 7.222184652113688
38.83952520599966 7.304537245368273
23.16884506835823 7.806808475163534
62.02140419727064 6.880438229309475
50.3771583589756 7.066453473725011
71.4553465463597 6.738665213702517
3.4233420319304506 9.81204208011918
87.96852066532935 6.490185640166301
30.42415053989652 7.528157736125174
52.13480334690733 7.06354979987932
11.282663236362142 8.459242773842172
78.1798654718949 6.649000661196575
42.261255576475214 7.24773886505025
52.46545480233635 7.030423410604977
63.626691429180056 6.844949595403495
78.11303959856285 6.620131769638163
2.5737533539048787 10.207691273162482
74.84258596137059 6.6721263328832645
32.49694098005699 7.508439697468583
67.40541966428341 6.8051694238464595
63.48161979891049 6.8394322959111955
87.13049832239206 6.515241060353194
54.47166143310926 6.983906593624673
35.99166395797219 7.412187094604849
25.959444106806075 7.718610345514589
57.072387651093926 6.955046510329089
46.11193250291278 7.149107645131428
72.63530999871195 6.722080461571798
17.1484919169543 8.060000418970398
65.61226244046455 6.814198008423234
64.21512396545293 6.821776319494879
24.56904922616964 7.758912474488443
41.28689567607003 7.275369492438319
19.26253649581203 7.971393947585936
59.9231152446252 6.931400931938233
70.85311662083264 6.726986764617323
83.45648038394974 6.569526606180151
35.00073233845463 7.415045327666507
42.227807055757296 7.244465286460171
69.33431236464376 6.774568020883407
27.581152822481258 7.64435419450944
78.82404061212533 6.5983165145189595
9.096488433080888 8.64922387255212
18.94858961831515 7.97076838161044
7.75775923366693 8.856248956089393
29.935248061571592 7.57085370968099
6.836610529236202 8.979253997763873
25.7615392031844 7.725608535721769
27.582741594616618 7.62581380137652
67.58801734116349 6.820821321139615
84.43436581171974 6.548136152316249
43.91374434448184 7.2235460788338575
87.76594457227242 6.499608874048459
8.398939761709785 8.755848981136454
28.31715492058651 7.627263076183017
29.35894480551144 7.568756960725697
62.50510113378568 6.876540154091981
55.86352407792856 6.978578215933952
4.219074526881307 9.49812361793936
81.89951141496257 6.6124201536402225
34.446664192568186 7.453789450083595
28.235883793287048 7.610397417095689
40.25868050406221 7.304655008524784
4.6037652851532975 9.417681620774996
77.98875361826595 6.627359578082821
59.26800571217648 6.924060919270556
20.813046424173663 7.912769631211827
22.693165040132875 7.83120880965058
69.5832589375555 6.746210200837926
79.4928232484382 6.628337292859465
13.853842155815476 8.259993735988356
87.11851134424282 6.51999410707595
9.81096064762825 8.5960229616114
56.94236187480442 6.945694903540285
53.239358279717365 7.037399408432864
63.73769635733903 6.84053102665196
51.83731736349248 7.057829087786732
50.92680020622145 7.084548663321366
17.373786204787194 8.09216147939875
19.17038881860956 7.936628633630379
28.88616973929598 7.620009806910613
88.74858856423194 6.520816409099568
22.791911699265405 7.806606254507833
64.99891161979933 6.817688269007248
86.26802469371218 6.536475869755001
55.58539693727921 6.983156367249283
25.936694170695667 7.703535442742197
18.521703760768357 7.969333326571303
57.89012824109359 6.956838221123611
15.065341989248257 8.177358231138346
17.690703259918926 8.04866774906054
2.84583363610456 10.069791655781833
85.95452450280723 6.5402852817189085
71.83186079669044 6.722943569475299
20.325604409747186 7.919554103582249
70.40463884069507 6.7371846233145
70.189152746004 6.764536869858666
23.84293981463819 7.771029882761175
70.2403061994759 6.743501312044559
80.32917765295393 6.60825393835661
54.5568844909422 7.000275414350195
19.07195790772201 7.973814719871951
63.59990160292956 6.83766470330887
47.889190022761454 7.131262488341877
35.88403561879612 7.411058228069529
45.10885298441667 7.1877670210603455
53.7060990376112 7.022529336798716
7.358334442211564 8.896258878713123
18.03008097080963 8.032544295052219
15.452414032422524 8.183143870476817
54.819642358097695 7.005772374832896
57.2791744442829 6.9406020963835156
50.461316063494024 7.104812276509987
60.19731446585025 6.9046423890078374
73.80768262419515 6.7032320900190205
82.97130543705265 6.5715817140697705
9.098499741448409 8.686637170121655
60.35312660133791 6.909767623087607
65.20449232547557 6.80967473946461
27.92173808126189 7.649757619102604
78.0724434572369 6.656422083197947
50.04149315814414 7.107495855201752
5.465907766864375 9.242508931377149
9.673594875650313 8.605778135956154
37.066432644180274 7.392243399758839
63.687019374622885 6.848600639110082
53.59714801292096 7.028744952252425
72.83310086342148 6.708939325831187
47.01516829066427 7.1367142635537855
50.98540120754539 7.072816129009365
87.51658505984469 6.498148225694718
33.49887450762828 7.458820123574033
20.51085394962284 7.907641106955359
10.044500485789372 8.586270208794621
49.655297984325415 7.090726045769633
80.4926576561411 6.621333319378358
52.67569537044571 7.05334519155901
66.25548441193517 6.812302378971119
5.2582091370675625 9.254748898860871
53.763602137880305 7.009864770057652
22.56804087453557 7.813284659325835
1.1505375231408386 11.694085961426817
76.50917793909477 6.633489935401794
55.234370601421226 6.988428986924748
15.593978835778378 8.155758477464433
35.41980939388036 7.425178197294738
71.49958536045271 6.734546479198953
75.27441232519836 6.67212759568176
3.748114451954707 9.686548251772658
36.64438634004996 7.37132452508737
23.527218033695117 7.793026410225249
18.40543639892184 8.001636118465276
57.14199870546022 6.95318636063529
34.18938922754761 7.465928561360647
25.56617305767434 7.72262632957904
45.32219657325288 7.178405450444784
33.85776007850344 7.46345924295833
58.74548360852711 6.922594924149334
69.82501922024392 6.753435782727203
52.14755148032074 7.027702988568026
9.857192587499949 8.570115397116686
70.13355309782061 6.729759920521611
57.18712189354776 6.944000043754679
63.87675239751767 6.8446334987796025
29.21500353118087 7.596771493635631
37.760056290899314 7.378260856767434
52.82198935576208 7.010812720645621
89.39502912237317 6.501334940686086
66.79548123911223 6.791239930770953
35.110912654923155 7.414903742486023
34.534229753582665 7.449156455965976
58.330745022124916 6.951783769669719
63.6731958766299 6.838604272003698
24.621943232248498 7.737976548542061
85.84095389843112 6.545816690528624
18.94508940568181 8.002966596630722
75.3553645320012 6.689294786856686
11.028439371352844 8.48489271070507
64.0897469106064 6.858685228156703
2.287113829084353 10.417955995186215
19.30208217055857 7.975029748464796
83.03809512276842 6.5900547751798335
39.70651132989793 7.313795238620613
68.1128320556804 6.783562912677139
40.781317027859835 7.296051580030849
18.069503649532606 8.059120251774868
35.673098737307456 7.399904610436888
28.4669823303498 7.602141476273233
21.75061205501395 7.854501922919204
36.3134118807083 7.388386851046597
60.48413717111263 6.891177098225814
21.26382692323561 7.884802861359435
65.66834084906021 6.84282700899443
78.1264636337021 6.661605682985554
52.16804896384831 7.057297694874705
1.5421917367248803 11.09487470449341
61.828740940080024 6.868999731477219
36.564811368332656 7.373873554633846
46.042625808878185 7.200606386580566
61.35710199634136 6.866059327495605
35.081140563770255 7.427757985647896
55.77918406450985 6.961943747737876
64.34294959230958 6.8239116337185095
46.69398875862224 7.153859261759997
58.846568508024 6.909305924517113
82.06309197695387 6.598382132710796
54.47956916581445 6.990434789065606
33.19539883370626 7.462176355549093
63.82333783373437 6.869196315328622
33.48273196932781 7.452050865697629
71.30923949327449 6.726615123978765
54.80867560003632 7.00080752337963
67.52291985796762 6.7918390854763935
56.5129045858481 6.950843311346163
12.472538498500844 8.369186169177274
10.942061722864151 8.48357082821024
31.18749741311855 7.556249572647489
1.6606321790044638 11.002211258978775
47.37025344765708 7.13566326077137
87.67870728277808 6.512230395156633
51.04583223041645 7.075456034207807
3.7658326107046713 9.65359879696966
10.829314554555868 8.520146737190794
45.13719663349563 7.199291374357337
69.32140218700403 6.7785166528928045
89.96051703315564 6.500308988617352
16.51013159246458 8.14197047359225
15.75765573341848 8.148722146876622
88.23783043925442 6.494785937970335
74.62146475401933 6.665107647770473
12.7619096720462 8.328912652306194
4.501134331514469 9.442792898007136
22.994232290783778 7.8122926662989265
66.66134359293055 6.762818357200205
26.05572646740201 7.71408254707574
14.543770443929285 8.232435401906166
51.38842959930844 7.082970851232199
60.97609161523655 6.874694377830253
6.536677122757869 9.00552559376476
17.419648168214344 8.053880085791299
51.14025741748671 7.0565397764616815
45.97126169911082 7.177160665383921
50.55197677440126 7.072646616962258
81.33971212459005 6.58346136859746
1.399139550199236 11.281547785759482
70.8980966367073 6.731444876165228
30.37710621797807 7.567902739080071
40.46938092568088 7.281659694139724
31.284545298008435 7.533490288941813
12.688913269404896 8.345688641640377
51.790607614937215 7.052633974691305
40.46079487875107 7.294812973009282
80.67994788387227 6.574222381265656
17.668608322145467 8.053081937437067
73.48039482996533 6.677945167911739
79.22743387599131 6.6087711078538565
50.872500719390985 7.053431344543667
17.975170425507294 8.02590879998662
37.86429782261223 7.331155149346045
18.65460121215365 7.988191615004069
45.76871621330674 7.185193832457816
3.566196148388368 9.75124236943157
51.67421518435704 7.043137578763925
53.18186912125315 7.034226185396898
21.45903151618013 7.850184934523507
1.6957286967200598 10.909815983414216
22.580727065150317 7.826894160956636
36.410342889190495 7.381320544111639
32.10403330252101 7.491876215589314
39.25828755398662 7.301750893584478
37.224990877028745 7.379598334314165
54.04728266461641 7.002647585440361
62.027626111276696 6.860157247899612
44.71845874974098 7.197868109240277
80.67821359998412 6.606976652816488
30.56643421926976 7.551262284943238
3.793258420013576 9.667578102065653
21.96458571573285 7.822503571799579
38.53139722450194 7.341679457113572
79.50886743932587 6.619432100774532
61.025259759102525 6.875029793884432
54.697062907732615 7.004200390456901
22.393584028188396 7.842044739368454
77.40554556908025 6.658858954926598
18.523684151931647 8.01243677679541
66.61959519696846 6.782940283307683
76.56630741888769 6.643430080152892
19.025647840789368 7.987971192703013
62.80779412754046 6.839540497231322
11.266528991434484 8.444183832944384
25.85080951601331 7.711491149543589
56.84096869417744 6.972901894976527
34.35530593866198 7.434500109957706
8.691426984247656 8.724483420152325
13.78189821138582 8.281203790284394
56.14062838349964 6.993668861292761
19.839185799463113 7.926282092222421
49.54027265614203 7.09082937353793
87.35478888069962 6.493990815308896
75.00583291593927 6.680929717528973
1.8501868616287576 10.78681070516944
89.97043199480717 6.485634867376075
73.56415322444313 6.724545613836621
9.396957024724438 8.636957092995123
40.98788632998399 7.2862286195020705
68.6313430486722 6.791597912733731
38.09106005940963 7.338465334377567
42.04414163067825 7.260550434226517
76.67127678197963 6.66809246244282
26.72666768657192 7.671392530509982
24.565983465756545 7.748472587404272
48.685123457359246 7.121011358463808
24.968054602996343 7.745679358135973
72.76414520131898 6.706992173060982
48.71022092502789 7.0967233115567065
41.311313831125666 7.247253828059896
7.884504700231869 8.83152350864004
59.70550493637159 6.899700156182112
39.65675139442386 7.286782101466631
70.3268534576379 6.724575525987508
23.7086498574962 7.760712212273281
88.38196374803576 6.5133808630157315
81.28488374643105 6.583343096322664
48.22765518450623 7.119410452398381
36.95372236580919 7.4016965482576
58.714341219351574 6.926264260644733
85.35266208460445 6.527816118867742
66.31266708519213 6.802494243943234
4.864514916049492 9.35378097293423
52.418794863484734 7.062039146981235
60.85759273584799 6.910594281704523
10.464353656631832 8.531652767929156
1.5331227724656826 11.149115077393231
21.716576579900018 7.841150503254702
22.36622492417433 7.843279612608102
4.005270179827304 9.612290229166474
19.518763766520916 7.951132165908565
33.65704319241445 7.452268853796896
1.804623296931896 10.87220484211249
27.292967839780346 7.64708449961585
48.58621899425746 7.099075865942056
26.370715961646145 7.684448739302272
74.374264346474 6.686598301330528
13.2650492490833 8.296085589964838
23.449398672137455 7.817097313710023
51.54483822092424 7.051832578301718
5.931210599065727 9.102495707853738
10.743180918997057 8.513927288868071
67.2237586398084 6.783965876554104
18.60118889636581 7.980237526034538
7.791798043554968 8.808635133812055
27.855000465907658 7.655696191539547
18.649264687180988 8.001397695600764
72.43957917301823 6.722719890502405
30.805975891688504 7.5325623779858
87.96657980130462 6.513444067045052
14.234395709387275 8.273489294944866
84.47251743893652 6.545441141872941
63.20441441273824 6.85563321072311
73.04381266773795 6.697020331155517
51.08108213804843 7.0475410347572875
58.71027683218937 6.907596537784346
10.52598140512559 8.53957816032094
87.04458362139204 6.530403551353914
64.47727884367268 6.821887371336202
51.98482624829749 7.04668927625594
49.983306297438546 7.085048649718545
18.761324389199988 7.973037752506547
55.87489341759319 6.984334917426429
20.577157585233984 7.907737535063689
17.48077197536484 8.051099315258718
72.06617728017842 6.736970616627759
22.623079780111823 7.83836116398947
12.195156624212526 8.387463015542028
38.13185848318306 7.338612030518741
25.68560111862967 7.70604635114315
71.77706620463684 6.725387042609255
81.24441455292818 6.596236323295978
60.39179373126336 6.888907892810021
67.20621597902775 6.78161630589763
78.19283417873095 6.644781738482681
61.73936787051296 6.8855165079233975
67.00025072221796 6.7909448345648
12.226828284874616 8.389904421565634
73.20948536276006 6.693645880366249
68.36733305748444 6.786570487380344
85.3863767216492 6.539327330220416
38.554150289638784 7.314930816192852
81.27374490626758 6.602400173098176
17.935777726318307 8.01525020786385
53.474453572195515 7.002957932699947
13.738782188977432 8.283121012326545
30.11949478506873 7.546918234233574
61.32331479619229 6.867262682873517
62.358233728796165 6.859937348396967
60.441737623739826 6.907271830331794
47.16460361841023 7.139329088271537
41.53170653946501 7.265572947533593
49.01352896244331 7.109732919357707
77.76566887427886 6.642659549435085
78.73880604186934 6.63782920291998
27.632976398951172 7.619418857890352
62.76786589585989 6.8723274565948
30.86940183078887 7.52134650043888
77.88865543978893 6.631790702234139
22.821614106601388 7.827894238456201
44.217647767482525 7.221767839139806
12.68527585916179 8.326113111495774
10.70331353055956 8.515928810888193
43.25232266828375 7.225034217204542
75.84250573369185 6.652860257853198
12.611527737326965 8.388350750240356
28.465117639795753 7.619135518458566
57.770994310270005 6.964252653978737
59.039422016015486 6.924670500811045
78.12422150854242 6.62977318454204
66.5400323519111 6.807797114394604
20.324421148800685 7.918754016922827
36.09991715540303 7.386684425510992
23.70902111202811 7.807828244210495
28.76837809993422 7.578281135063274
78.5997170467904 6.632851800529285
54.52511061251924 7.023331071080193
84.78805930255314 6.5589196701934425
89.33946448711261 6.513241138893617
2.3424751718402375 10.38383921151423
18.88266566053183 7.965869481391971
24.01042973478597 7.789862960571754
63.05666231159523 6.860019149300186
35.918457218039144 7.392453292937399
88.03392024995821 6.525796101871786
34.32533860621365 7.439771631135351
27.64541017020171 7.637611283996092
23.04693159113117 7.824302143210805
60.94859893585808 6.891509145453375
4.756268677937975 9.406449896937875
8.796152668589762 8.71184666534583
67.1887683882546 6.795617579574173
10.702139999853271 8.527226516561937
7.259118417077224 8.876888554571496
74.86898058715582 6.699004311582757
37.14554076654554 7.392351707071232
57.13917483411728 6.97210368563705
50.336912990546686 7.055115386901028
67.19905791361118 6.797721882660383
62.94919143280638 6.855742678412969
4.409997358596221 9.454957801623188
11.369005435504096 8.467820542643986
36.24287976202557 7.387436498247167
10.687023893976304 8.523234121587308
16.72534311823756 8.110732116782579
23.61906043784175 7.776717674036131
70.25336562475587 6.736798071131488
85.00771491175979 6.551225427444395
81.29313172677305 6.593840874552325
85.82142632284963 6.553612771542002
24.970465380933874 7.7386899762375165
6.964187225062698 8.956860660458474
51.23998718363672 7.084525611336004
66.96507919575778 6.772685657481136
36.93479173219723 7.3444687251539875
36.99270756210512 7.383053767329129
16.010026878566453 8.151475872939791
3.441047404097586 9.796947920409025
9.889183953049372 8.600271844413472
26.219709167552512 7.677744070090363
69.69687808810791 6.747927707717646
32.92801882378175 7.483333945648268
4.261686701689933 9.503790107747507
15.381956540736171 8.16331327213002
8.920461245946067 8.697440384979405
86.17201357897397 6.524189343589805
87.81305559341136 6.524775783945292
47.83715096813473 7.124112855774177
28.45375177843903 7.614522438855629
48.408958748059526 7.108097439351426
36.45229097617528 7.368864908476029
19.91305778665307 7.932570167270462
33.710251022412166 7.438810293177019
64.4529972126976 6.824921362590884
4.0230264108320455 9.597581477997156
41.163570955294034 7.2471251972032995
43.823607833988746 7.220628326719723
55.164592188451 7.005728561130174
84.35968607991614 6.535975159297599
3.787415365826814 9.69522206641378
88.38394517892506 6.515924176982034
23.697419513782137 7.772155811177865
14.05455414768794 8.246940838555945
55.0733542148881 7.002331029234378
